1	 我的孩子喜欢独处。	-1	0	-2	-1	2	-1
2	我的孩子具有创造力（喜欢绘画、创新思维、跳舞、音乐等）。	1	-1	2	0	-2	0
3	我的孩子不喜欢与人冲突。	1	1	1	-2	1	2
4	 我的孩子非常重视是否事事“公平”。	2	0	0	-1	1	-2
5	我的孩子有责任心、值得信赖。	1	0	-1	1	2	-2
6	 我的孩子非常乐观。	1	-1	2	0	-2	1
7	我的孩子非常注重是否遵守/执行规则。	0	1	-2	-1	2	-1
8	 我的孩子是个冒险家。	-1	-2	2	1	-1	-1
9	我的孩子多愁善感。	0	2	-2	-1	0	1
10	 我的孩子优柔寡断。	1	1	-1	-2	0	2
11	我的孩子非常敏感。	0	1	-2	1	1	2
12	我的孩子喜欢社交（喜欢与人打交道，爱结交朋友）。	1	1	2	0	-2	1
13	 我的孩子是个谈判能手。	0	-1	2	-1	1	-2
14	我的孩子喜欢成为众人的焦点！	1	0	2	0	0	-2
15	我的孩子比较固执己见。	-1	1	-1	2	-1	-2
16	我的孩子常常会表达出他们在想什么。	-1	-2	2	1	1	-1
17	我的孩子有些内向（更喜欢自己玩）。	2	1	-2	-1	0	-1
18	我的孩子做事有条不紊。	1	2	-1	-2	1	0
19	 我的孩子活泼开朗。	-1	-1	2	0	-2	1
20	 我的孩子乐于取悦别人。	-1	1	-1	-2	1	2
21	我的孩子是个急性子。	-1	-2	1	2	-1	0
22	 我的孩子喜欢完成任务/列清单/列表。	-1	1	-2	-1	2	-1
23	我的孩子是个完美主义者（凡事都希望做到尽善尽美）。	1	2	-2	1	1	0
24	我的孩子对家庭、朋友、甚至目标/任务非常投入。	1	2	-2	-1	1	0
25	 我的孩子是无忧无虑的。	0	-2	2	0	0	-1
26	 我的孩子充满乐趣！	0	-1	2	0	-2	1
27	我的孩子比较苛刻。	-1	1	-2	1	2	-1
28	我的孩子冷静机智，不受情绪控制。	0	-1	-1	-2	2	-1
29	我的孩子待人真诚、重感情。	0	2	1	-2	1	1
30	我的孩子具有团队合作精神。	2	0	1	-1	-2	1
31	我的孩子非常乐于助人、喜欢帮助他人。	1	1	0	-2	-2	2
32	我的孩子机智诙谐、富有热情，眼睛总是闪耀着光芒。	0	1	2	0	-2	1
33	我的孩子富有竞争意识。	-2	-1	0	2	-1	-1
34	我的孩子注意力专注。	0	2	-1	-2	1	0
35	我的孩子乐于思考，喜欢在行动之前考虑周全。	1	2	-1	-2	1	0
36	 我的孩子谦逊有礼。	0	1	0	-2	0	2
37	我的孩子机智幽默，总是会逗的他人哈哈大笑。	-1	0	1	-2	-1	2
38	我的孩子需要受到激励，做事情总是看是否有意思。	0	1	2	-1	-2	-1
39	 我的孩子比较冲动。	-1	-1	1	2	-2	-1
40	我的孩子总是充满活力，他们希望亲眼看到事情完成。	1	2	1	-2	1	1
41	我的孩子富有激情，有时候有点妄自尊大。	-1	-1	1	2	-2	-1
42	 我的孩子非常绅士。	1	2	0	-2	1	0
43	我的孩子缺乏耐心。	-1	-2	1	2	1	1
44	我的孩子善于表达。	0	-2	2	1	1	1
45	我的孩子富有同情心	0	1	0	-2	0	2
46	我的孩子对他人的建议和感情持宽容态度。	2	1	-1	-2	-1	1
47	我的孩子是个理想主义者，只看到他们希望看到的。	1	2	1	1	-1	-2
48	我的孩子积极主动、精力充沛。	0	0	2	0	-2	-1
49	我的孩子富有责任感，总是担当（或尝试担当）领导角色。	0	0	-1	2	-1	-2
50	 被他人所接纳对我的孩子来说非常重要。	1	1	-1	-2	1	2
